0 0.10875 0.40375 0.1625 0.2275
0 0.05625 0.10375 0.10416666666666667 0.165
0 0.24041666666666667 0.22875 0.1275 0.225
0 0.3725 0.39 0.10166666666666667 0.1625
0 0.5008333333333334 0.33875 0.17 0.165
0 0.55 0.16125 0.115 0.1825
0 0.3829166666666667 0.155 0.17916666666666667 0.135
0 0.6879166666666666 0.1375 0.1225 0.1275
0 0.78625 0.12875 0.13083333333333333 0.1675
0 0.8066666666666666 0.3325 0.12 0.1825
0 0.6825 0.35375 0.16333333333333333 0.1625
0 0.87875 0.551875 0.2425 0.19375
0 0.57125 0.735625 0.19083333333333333 0.23125
0 0.4245833333333333 0.79 0.12583333333333332 0.245
0 0.25916666666666666 0.701875 0.09166666666666666 0.14625
0 0.47583333333333333 0.895 0.11666666666666667 0.21
0 0.5820833333333333 0.905 0.16583333333333333 0.19
0 0.6683333333333333 0.88375 0.14 0.155
0 0.10958333333333334 0.88375 0.09416666666666666 0.2275
0 0.17333333333333334 0.84 0.07333333333333333 0.215
0 0.48333333333333334 0.485625 0.185 0.14625
