0 0.9456740442655935 0.2302867383512545 0.10865191146881288 0.34946236559139787
0 0.7982897384305835 0.25268817204301075 0.1841046277665996 0.4910394265232975
0 0.6383299798792756 0.3055555555555556 0.13380281690140844 0.503584229390681
0 0.5462776659959758 0.1639784946236559 0.13279678068410464 0.3064516129032258
0 0.5025150905432596 0.48028673835125446 0.12173038229376258 0.35125448028673834
0 0.37525150905432597 0.37455197132616486 0.14688128772635814 0.3942652329749104
0 0.25653923541247486 0.5600358422939068 0.11468812877263582 0.4103942652329749
0 0.176056338028169 0.6245519713261649 0.1267605633802817 0.34229390681003585
0 0.12575452716297786 0.6783154121863799 0.12072434607645875 0.2777777777777778
0 0.07293762575452717 0.8261648745519713 0.14386317907444668 0.30824372759856633
